1 12443.2 22989.8
2 12197.3 22223.2
3 12961.6 23638.1
4 8723.48 14776.2
5 5751.02 7955.55
1 14161.5 25467.4
2 13735.8 25101.5
3 12401.2 22681.5
4 7608.2 13065.8
5 5959.22 7948.82
1 25727.7 114246
2 24642.7 114851
3 22527.7 115167
4 23844.7 110316
5 16417.5 70214.8
1 23201.4 116633
2 24932.8 116596
3 26665.2 116733
4 20995.7 106892
5 17158.5 68881.2
1 24647.7 117007
2 23823.2 114065
3 24632.1 113042
4 25336.8 112739
5 16709 67673.7
1 24004.9 118215
2 25369.4 116070
3 23137.7 115376
4 23871.7 110429
5 19616.8 73586.9
1 22895.6 115493
2 23867.7 115472
3 24095.8 116871
4 23191.3 110392
5 17558.9 68690.8
1 23691.6 115607
2 24321.1 113777
3 24659.3 117179
4 22879.5 109843
5 18444.2 73646.9
1 23236.2 117360
2 22685.4 116768
3 23349.2 115857
4 21213.8 110738
5 19134.2 71187.7
1 22756.2 116318
2 22662.6 113774
3 24511.4 116633
4 23974.8 109450
5 17335.9 75125.7
1 24241.7 115999
2 25420 119154
3 23457.3 116469
4 23067.8 110661
5 16828.1 74810.3
1 23944 117292
2 22734.4 115359
3 22475.8 113362
4 22522.3 109997
5 16282 75902.4

1477427416
