1 2042.49 6010.86
2 2085.68 5949.08
3 1910.35 5629.7
4 1218.79 3441.4
5 1578.27 3698.09
1 6770.69 81693.6
2 6579.07 77912.5
3 6163.75 66213.1
4 6883.53 65718.9
5 8507.08 63870.7
1 6334.39 81113.7
2 6164.16 75606
3 6072.8 67946.7
4 6651.96 65484.4
5 8586.66 66120.7
1 5903.22 77730.8
2 6148.89 76106.6
3 6063.08 68122.6
4 6117.65 60222.3
5 8326.14 68153
1 5801.67 78676.1
2 6101.39 83309.4
3 5795.34 64614.6
4 6225.08 60783.2
5 8970.86 66635.4
1 5642.85 77875.7
2 6083.6 81944.9
3 6258.51 71031.6
4 5641.33 63530.7
5 8221.28 61407.8
1 5652.86 81421.7
2 6103.02 79552.1
3 5691.31 68557.8
4 6386.54 63004.7
5 7712.3 66178.5
1 5776.65 82609.8
2 5992.47 80892.3
3 5143.74 64587
4 5951.38 61850.9
5 7896.17 60274.5
1 5282.51 79168.1
2 6008.71 82192.2
3 5767.2 69208.4
4 6033.52 64649.5
5 7406.62 66502.8
1 5564.37 84446.5
2 5641.9 81361.2
3 5325.79 66288.6
4 5661.82 67011.9
5 7613.91 64417.9
1 5362.33 82474.1
2 5591.89 82030
3 5413.05 66433
4 5875.66 66504.7
5 7148.84 66097.5

1480321341
#node 100
R_C 20
DL 0.3
