1 1553.91 2811.15
2 1544.89 2770
3 1265.9 2287.47
4 2109.19 3240.25
5 4041.17 5012.34
1 5998.81 28569
2 5967.56 27223.8
3 5806.23 22741.3
4 9598.4 25315.2
5 17033.6 33109.2
1 5914.52 27989.6
2 6076.79 27211.2
3 5586.32 22487
4 8750.73 23668.4
5 17507 33897.8
1 5804.65 28347.9
2 5832.09 27042.2
3 5610.94 22633.7
4 9185.18 24222.7
5 16413.1 31985.7
1 5677.14 27859.8
2 5630.85 27024.5
3 5577.01 22838.4
4 8567.28 24672.6
5 16567.6 32375.9
1 5685.11 28077.5
2 5607.65 27684
3 5465.77 22607.2
4 9178.99 25012.6
5 16049.8 32204.8
1 5465.62 28529.1
2 5469.1 26667.1
3 5435.37 22397.6
4 8723.03 24442.2
5 16757.4 32411.7
1 5454.29 27485.8
2 5481.98 25864.9
3 5345.06 21732
4 8832.06 24470.2
5 15340.7 29848.9
1 5366.22 27802.6
2 5306.17 26767.2
3 5179 22524
4 8486.07 24639
5 15811.1 31493.4
1 5373.01 27635.7
2 5228.03 27382.5
3 5158.69 22278.9
4 8027.69 23877.3
5 14634.8 30180.3
1 5113.42 27526
2 5293.04 25951.5
3 5102.06 21813.3
4 8029.32 24597.6
5 15636.1 32485.3

1480365519
