1 101 80.28
2 101 91.63
3 106.89 106.46
4 475.32 1853.18
5 604.05 3549.62
1 101 75.36
2 101 97.47
3 124.76 236.65
4 347.3 1884.2
5 583.56 3759.56
1 101 134.28
2 101.3 100.03
3 127.76 222.2
4 281.18 847.44
5 1201.33 7915.35
1 101 77.09
2 101 100.2
3 122.33 188.41
4 389.16 2569.11
5 601.05 3459.79
1 101 94.78
2 101 146.07
3 116.5 206.44
4 324.36 1891.44
5 991.73 6238.98
1 101 135.89
2 101 95.96
3 112.43 231.6
4 362.54 1927.4
5 1060.83 7349.08
1 101 114.61
2 101 97.11
3 130.19 438.2
4 434.26 4452.7
5 637.48 3667.93
1 101 141.09
2 101 103.09
3 105.44 103.11
4 364.84 3068.21
5 614.46 4769.34
1 101 104.09
2 101 116.46
3 105.8 159.41
4 313.63 3385.82
5 764.26 6418.49
1 101 118.76
2 101 135.57
3 116.74 280.11
4 366.55 1831.71
5 849.54 5792.98
1 101 104.26
2 101 129.32
3 112.5 218.07
4 365.65 3139.79
5 558.23 4928.34

1479908916
#node 100
R_C 10
DL 0.1
