1 2822.47 7678.35
2 2703.86 7334.27
3 2360.53 6382.61
4 1425.93 3823.53
5 1966.06 4526.76
1 8432.44 93668.7
2 8436.36 92014.9
3 8051.69 79920.1
4 8196.92 61082.8
5 10166.9 64324.9
1 8542.13 99191
2 8321.62 93376
3 8240.44 81625.1
4 7875.02 64410.3
5 11448.6 64737
1 8341.08 95620
2 8174.51 93883.1
3 7729.68 78072.6
4 7854.29 62555.5
5 10743.3 64940.4
1 8035.47 96792.8
2 7852.15 91474
3 8216.25 81535.8
4 7136.68 59639.5
5 10535.6 65708.9
1 8242.53 97283.3
2 7736.43 95251.9
3 7588.13 79492.1
4 7426.02 61782.6
5 9782.77 63536.3
1 7721.92 97357.2
2 7807.62 94644.4
3 7360.47 77364
4 7326.42 62728.5
5 10531.4 64187.7
1 7380.85 96955
2 7572.57 92725.6
3 7592.28 82372.3
4 7451.07 62831
5 9787.23 64213.1
1 7393.12 92838.1
2 7365.26 92840.9
3 7111.14 77356.5
4 6903.76 62127.3
5 10007.2 66265.4
1 7255.78 96387.3
2 7063.2 90425.6
3 6982.26 79578.4
4 6656.97 62554.6
5 9668.93 65448.4
1 7429.72 95739.9
2 6976.47 92653.3
3 7106.07 79011.1
4 6759.96 63120.7
5 10359.7 66491.1

1480410586
