1 2317.53 4050.76
2 2145.3 3830.64
3 1581.96 2841.27
4 1643.89 2562.34
5 3337.47 4167.08
1 6633.44 34062
2 6770.95 34942.5
3 6482.38 33230.5
4 8563.92 26301
5 14436.7 32119.3
1 6556.95 34044.5
2 6729.82 34051.7
3 6813.61 32208.6
4 7814.33 25210.1
5 15016.9 31209.4
1 6250.02 34451.3
2 6368.61 34589.4
3 6766.73 32515.1
4 7751.7 26408
5 14227.3 30192
1 6123.87 33863.6
2 6130.33 35158.5
3 6195.16 31146.3
4 7675.81 24358.6
5 14201.4 30120.3
1 6172.25 34225.9
2 6398.97 34230.7
3 6198.99 32024.1
4 7961.1 25864.3
5 13343.2 29898.4
1 6109.08 34249.6
2 6189.31 34528.6
3 6122.63 32960.5
4 7943.01 25118.2
5 14138 30606.4
1 6085.22 34914.8
2 6174.95 34575
3 6112.23 33410.6
4 7873.15 25932.9
5 12980.4 28856.5
1 5710.93 34502.9
2 6204.32 35582.2
3 6319.52 32894.5
4 7606.84 25656.2
5 12816.7 30106.3
1 6148.99 33863.8
2 5806.34 34702.8
3 5961.23 32341
4 7693 25266.2
5 15244.1 32950.7
1 5966.71 35532.4
2 5791.69 34003.3
3 5992.16 33418.7
4 7484.16 25277.2
5 13406.6 29256.1

1479710563
#node 100
R_C 30
DL 0.1
