1 4841.09 8385.05
2 4757.09 8202.6
3 3528.85 6153.29
4 3796.4 5586.68
5 5722.03 7126.69
1 15504.1 59733.8
2 15401.9 58973.3
3 16495.2 61105.8
4 22154.4 57826.9
5 35927.1 67840.1
1 15343.6 61752.5
2 15484.2 60717.9
3 15852.8 60806.6
4 21258.9 58566.1
5 38114.7 67640.7
1 15103.1 58723.5
2 15364.9 61030.2
3 16084.8 59976
4 22739.5 59915
5 35735.2 66002.9
1 15519.5 61967.1
2 14655.2 59422.1
3 15959.7 59574.7
4 22593.5 58104
5 33621.9 62517.5
1 14358.6 60964.2
2 15275.8 58201.9
3 14983.6 58040.8
4 21071 55453.6
5 36560.7 68966.8
1 14816.5 61066.2
2 14605.1 61427.9
3 14665.8 62193.5
4 21875.8 58696.4
5 35281.5 65852.7
1 14479.6 60582.6
2 14718 60756.5
3 14861.9 61326.9
4 21874.9 58074.1
5 35896.7 66082.6
1 14152.8 61335.8
2 14534 60567.3
3 15608.2 61921.3
4 21690.2 58832.4
5 35329.5 65844.6
1 14153 62612
2 14374.9 59362.1
3 15216.2 59519.6
4 21287.2 59339.4
5 35062.2 64781.3
1 14507.7 59330.3
2 14050.3 60203.5
3 14906.9 57651
4 21183 57371
5 32983.7 65164.9

1479713639
#node 200
R_C 30
DL 0.1
