1 28825.7 49865.6
2 26985.8 46924.1
3 27572.9 47722.9
4 19407.2 32352.9
5 13498 15960.2
1 71314.9 220573
2 73532.5 222493
3 79306.9 222848
4 69976.9 222807
5 56911.7 189414
1 76859.8 220567
2 75702.2 221595
3 78070.8 221434
4 72202.6 221609
5 50998.8 187010
1 74463.2 218315
2 70710.3 219579
3 69979.4 220865
4 65101.2 219413
5 56924.8 188899
1 68736.9 219085
2 76164 221227
3 75011.4 219112
4 72566 220158
5 50418.3 185339
1 72531.2 220719
2 71694.9 219330
3 70331 219361
4 61956.7 216638
5 56648 191189
1 75394.4 220007
2 75885.9 222339
3 73119.4 219586
4 67544.2 219323
5 52124.3 186410
1 70050.1 220479
2 73054.9 217858
3 72514.9 220863
4 74346.4 222235
5 52146.7 187694
1 69317.5 217600
2 76175 224091
3 75103.6 223068
4 58440.5 217866
5 53293.5 191916
1 68575 224563
2 76860.1 225749
3 74904.8 221460
4 66848.9 220213
5 51207.2 181714
1 73974.6 224384
2 74963.4 220304
3 74509.2 221617
4 61306.1 218704
5 49891.6 185707

1478630595
