1 2175.08 15436.4
2 1533.8 10480.7
3 3078.97 21308
4 5150.47 34035.8
5 3377.66 21223.9
1 2687.88 83815.9
2 2615.8 82150
3 4418.06 106948
4 8299.99 184102
5 10547.4 245316
1 3135.08 98450.4
2 2725.49 92977.5
3 3966.19 96389.3
4 7696.9 176166
5 9405.17 246039
1 3173.55 116097
2 1858.47 62419.7
3 3708.17 85405.8
4 7934.59 207163
5 9190.23 226334
1 2599.66 89562.6
2 2043.46 65544.6
3 4121.34 104941
4 7648.43 206419
5 10111.9 237032
1 3130.51 112389
2 1973.43 75465.5
3 3540.3 90702.9
4 7290.67 198502
5 9514.8 247090
1 2719.21 104872
2 1590.89 52631.7
3 3943.22 102598
4 7060.52 180180
5 9675.33 246620
1 2367.44 95118.8
2 1932.9 70040.8
3 3805.11 103370
4 7567.31 214019
5 9058.35 255884
1 2587.14 105090
2 1927.84 69208.2
3 3003.08 85701.6
4 8097.49 235787
5 7796.1 227731
1 3135.8 116691
2 2600.93 96535.4
3 3778.23 110622
4 7357.43 235703
5 9341.81 260222
1 2276.66 90557.4
2 1670.37 61878.7
3 3353.05 83344.8
4 6887.02 208577
5 8663.04 249305

1480358577
