1 3317.17 8860.22
2 3272.14 8774.8
3 2828.13 7503.59
4 1947.06 5017.23
5 2596.5 5736.52
1 18059.7 192730
2 18098.4 193536
3 17417.9 175973
4 17832.9 149473
5 24198.8 160526
1 17238.2 193727
2 17154.9 191489
3 17406.1 172944
4 17533 154885
5 22359.4 155625
1 16348.2 193336
2 16778.2 192804
3 16649.6 174568
4 16706.8 147672
5 21865 154131
1 16500.7 195516
2 16196.9 190571
3 16795.5 178340
4 16408.4 156037
5 22436.3 154712
1 16031.4 191833
2 16228.4 190019
3 15907.4 173055
4 16614.7 151845
5 22430.7 160948
1 15811.1 195438
2 15831.9 191782
3 16214.1 176949
4 15966.7 149420
5 21417.1 157769
1 15285.3 193587
2 15472.3 189192
3 15619.7 174335
4 15690.4 153342
5 21868.9 159077
1 15271.6 197150
2 15241.6 191409
3 14644.1 173952
4 15208.1 153424
5 21616.6 159595
1 14915.5 193096
2 14804.9 188248
3 14857.1 173051
4 14848 150681
5 21760.9 162082
1 15181.7 193303
2 14866.7 191155
3 14517.2 171767
4 15508.4 153715
5 21153.5 158363

1480340507
