1 18281.4 92772.9
2 17738.4 93856.5
3 14968.5 80007.9
4 16102 81269.8
5 6583.5 29162.4
1 24605 630535
2 26107.4 649467
3 19608.4 527208
4 19264.3 455009
5 16027.7 269965
1 20871.1 583841
2 26997.6 620481
3 19846.7 476671
4 20010.9 476438
5 14620.4 263959
1 21514.9 595424
2 21940.1 636894
3 19264.8 520312
4 20931.6 496149
5 16002.8 282510
1 21677.9 628812
2 21200.9 621105
3 20615.2 525393
4 19324.4 489439
5 16659.5 299834
1 23483.1 629145
2 23108.8 622228
3 19720.2 557004
4 19698.3 479623
5 16574.7 284588
1 22324.8 633836
2 21146.1 591005
3 18883.4 503029
4 20010.5 506610
5 13856.1 263272
1 22806.5 620934
2 23254.5 635693
3 19026.6 536335
4 19092.2 482888
5 13554 254319
1 22704.3 637166
2 22392.2 614464
3 19124.7 546390
4 17783.2 460773
5 14575.3 250453
1 23047.8 621922
2 18852.1 604780
3 20785.3 543141
4 20688.1 529932
5 13671.6 250927
1 21966.8 627064
2 20313.8 631291
3 19127.5 560070
4 19114 481699
5 12568.3 253430

1479320844
#node 200
R_C 10
DL 0.01