1 26875.7 26804.9
2 27084.8 26739.1
3 27751.4 26289.2
4 15839.9 12662.5
5 12048 8138.14
1 106602 99587.2
2 102473 97864.4
3 99818.2 98209.4
4 95521.1 95685.9
5 90909.3 89968.8
1 105972 100851
2 103172 98184.6
3 106579 97909.3
4 99596.8 97555.9
5 78220.3 83792.9
1 103445 98409.2
2 104514 100349
3 106827 99791.9
4 98015.5 96241.5
5 84041.5 87898.1
1 105852 101328
2 101561 96963
3 100558 97126.5
4 101936 98890
5 85484 89195.4
1 104298 99317.2
2 98162.4 95334.9
3 112023 103261
4 97104.2 96260.1
5 90444.3 91157.3
1 107127 100700
2 105941 102114
3 100043 97347.5
4 98244.2 94776.6
5 76865 81121.9
1 108195 101449
2 93845.9 92429.8
3 106130 98613.6
4 96990.2 94624
5 87058.6 85105.4
1 104528 99529.7
2 102164 100184
3 106285 101647
4 99668.8 95572
5 81028.3 85613.8
1 108405 102514
2 105625 98999.1
3 111346 101538
4 99037.6 95357.2
5 82993.7 85462.3
1 104654 97705.1
2 103339 98079.3
3 100970 95719.6
4 100594 96461.9
5 85344.7 84944.3

1478970912
#node 200
R_C 30
DL 0.01