1 101 109.605
2 101 99.345
3 113.74 157.185
4 518.8 2402.49
5 1025.68 3952.24
1 101 116.585
2 101.02 144.815
3 122.32 276.425
4 422.765 1771.83
5 1209.92 9363.3
1 101 119.36
2 101 116.15
3 110.58 136.76
4 493.655 3512.54
5 1252.97 8660.35
1 101 138.635
2 101 124.455
3 118.62 276.335
4 456.65 2806.13
5 1037.92 7058.6
1 101 169.965
2 101.485 131.545
3 119 228.855
4 440.995 2847.99
5 1293.27 8640.71
1 101 153.185
2 101 162.835
3 123.9 367.6
4 511.655 3905.7
5 1309.66 8541.83
1 101 148.845
2 101.07 153.875
3 124.22 342.065
4 499.345 2355.86
5 1465.14 10511
1 101 165.83
2 101 188.685
3 121.1 334.17
4 396.755 3499.76
5 805.795 6722.43
1 101 156.37
2 101.485 165.09
3 122.26 360.655
4 389.77 2378.64
5 757.01 7270.12
1 101 180.25
2 101 172.055
3 120.62 313.03
4 362.3 2376.55
5 1006.72 7125.06
1 101 186.7
2 101 167.455
3 113.4 319.07
4 399.08 2768.41
5 1024.88 7201.26

1480417466
