1 3100.46 8495.22
2 2961.29 8162.58
3 2646.06 7347.06
4 1389.31 3801.05
5 1933.84 4198.75
1 8539.38 102992
2 7914.12 104403
3 8022.07 96785.3
4 7046.08 66720.1
5 8706.83 62643.9
1 7739.86 107646
2 7491.65 100162
3 7687.1 98030.9
4 6626.59 63369.3
5 9351.62 67686.7
1 7645.25 107127
2 8245.53 103256
3 7291.73 94049.9
4 6421.03 65993.5
5 9475.57 64700.8
1 7751.87 108523
2 7344.97 107236
3 6609.49 90376.2
4 6634.05 63891.5
5 8391.36 66832.5
1 7341.43 109947
2 6837.1 105243
3 7301.59 95367.1
4 6696.41 64475.9
5 8247.57 68288.6
1 7557.47 108446
2 7062.43 104441
3 6846.88 94571.8
4 6653.44 69080.7
5 8328.82 65104.4
1 6996.03 109395
2 7240.79 103987
3 7080.64 97944.3
4 6576.18 64458.1
5 9287.69 74306.8
1 7400.43 106804
2 7080.62 107570
3 6721.98 97075.2
4 6755.46 71087.5
5 9307.9 68682.5
1 6840.29 108175
2 7076.71 105555
3 6946.94 95557.6
4 6417.48 69040
5 9032.29 66374.4
1 7120.08 104108
2 6901.46 104744
3 6583.58 93720.7
4 6943.02 70231.4
5 8578.16 70359

1479355649
#node 100
R_C 20
DL 0.1
