1 12070.2 12284.5
2 12881.4 12879
3 11858.5 11826.7
4 7342.97 5982.55
5 6915.92 4792.44
1 39889 49967.2
2 40016.4 48688.3
3 45119.2 52401.9
4 35576.3 46874.1
5 28798.8 34331.7
1 39672.9 48723.1
2 41443.9 50733.8
3 41506.5 48932.8
4 36637.4 49914.1
5 31940.2 36614.4
1 47391.7 52954.8
2 42674.5 50304
3 39559.4 49578.8
4 37312.9 49980
5 25438.8 32890.8
1 43487.6 50071.8
2 40446.1 50047.4
3 42904.6 52387
4 38331.3 49309.7
5 30416 37394.3
1 42472.9 49288.5
2 40905.6 50518
3 38387.5 47543.4
4 33344.4 47331.6
5 28463.5 36610
1 40333.9 49721
2 38615.7 48338.2
3 42335.2 51087.9
4 37638.5 48549.3
5 32172 38480.5
1 39199.9 50922.2
2 42494.4 49087.6
3 42659.8 50123.3
4 37678.8 48962.7
5 32133.3 37611.3
1 41296.4 49873.9
2 43996.8 49276.9
3 43280.8 51418.1
4 38185.3 48669.1
5 28457 36106.6
1 43041.5 50957.4
2 39059.4 49357.4
3 41916.1 49855.7
4 42496.6 51640.1
5 28384.9 35568
1 45177.7 52373.9
2 43218.3 49499.6
3 39946.7 49174.9
4 36863.8 48905.5
5 33271.1 38083.8

Seed 1478662438
#node 100
R_C 30
DL 0.01
