1 708.39 2425.19
2 193.78 391.79
3 176.52 268.16
4 522.8 940
5 1068.68 2490.19
1 660.56 9134.69
2 160.66 2072.59
3 287.56 1973.15
4 1058.06 5500
5 1031.64 5088.52
1 557.22 5354.48
2 748.19 9551.02
3 329.02 3729.96
4 507.09 2551.22
5 903.3 3149.34
1 702 10572.8
2 184.26 1543.49
3 277.46 1477.18
4 799.06 4257.97
5 1033.6 5090.11
1 456.99 5523.67
2 240.47 2150.95
3 132.75 129.87
4 658.48 4796.23
5 1986.93 7533.24
1 214.01 1517.03
2 221.69 4295.29
3 236 1780.43
4 958.23 5984.87
5 1073.7 3984.66
1 234.88 3560.16
2 281.87 6657.64
3 123.78 137.11
4 724.26 2268.87
5 1150.03 4354.92
1 678.77 9344.16
2 284.95 3094.15
3 344.98 4165.37
4 1159.41 9675.94
5 1181.42 4765.95
1 718.59 8736.55
2 276.07 4670.48
3 279.63 1965.06
4 566.92 3871.98
5 1986.1 5621.23
1 766.64 11813.2
2 417.65 4865.92
3 384.64 2549.44
4 542.45 3272.37
5 1852.28 10234.5
1 415.95 8138.09
2 156.95 1837.38
3 255.64 1734.77
4 543.33 2563.07
5 1692.8 6948.63

1479173314
#node 100
R_C 10
DL 0.01