1 101 105.47
2 101 120.72
3 117.325 200.61
4 426.205 1807.76
5 808.57 3564.59
1 101 112.845
2 101 127.27
3 113.175 165.51
4 513.37 3274.51
5 983.7 6943.59
1 101 128.405
2 101 139.665
3 127.585 267.145
4 445.785 2797.85
5 1169.87 9878.17
1 101 145.895
2 101 116.185
3 117.325 247.15
4 435.52 2875.3
5 837.9 5743.82
1 101 135.595
2 101 152.52
3 116.29 221.06
4 510.31 3306.64
5 1241.76 10184.5
1 101 139.82
2 101 159.315
3 120.45 299.97
4 500.05 2577.86
5 976.29 8279.73
1 101 144.32
2 101 153.73
3 113.725 234.6
4 531.56 4692.61
5 1159.48 8280.1
1 101 162.525
2 101.06 177.26
3 141.37 500.195
4 394.26 2383.61
5 1034.71 8688.5
1 101 149.77
2 101 169.75
3 122.395 337.56
4 451.185 2930.28
5 1249.06 7273.12
1 101 199.335
2 101 161.435
3 112.665 263.2
4 590.34 5060.77
5 1145.23 8587.66
1 101 168.705
2 101 180.69
3 122.98 354.95
4 434.395 3514.15
5 1181.34 6931.27

1480358333
#node 100
R_C 10
DL 0.3
