1 1979.43 3521.21
2 1821.04 3242.5
3 1290.84 2300.65
4 1995.45 2955.27
5 4337.56 5296.48
1 6421.27 31449.2
2 6435.99 30620.8
3 6550.73 26323.5
4 8933.69 23766.6
5 18164.1 33683.1
1 6300.31 30089.4
2 6320.78 30117.4
3 6395.99 25974.9
4 9262.11 24667
5 17343.2 33012.3
1 6175.87 30849
2 6168.9 29799.7
3 6269.98 25096.9
4 9125.42 24892.5
5 16741.8 32041.7
1 6114.43 30042.7
2 6098.48 30374.1
3 6293.6 25708.9
4 9167.75 25152.7
5 16621.4 32429.4
1 6002.18 30269.7
2 6052.1 29740.7
3 6112.16 25801.8
4 8764.77 24021.5
5 17006.8 32098.7
1 6084.77 30173.1
2 5967.42 31326
3 6029.9 25146.4
4 8878.52 25312.1
5 16893 32265.6
1 5946.69 30517.9
2 5935.03 29918.3
3 5899.6 25670.1
4 8680.77 24798.5
5 17053.7 33072.9
1 5800.93 30666.2
2 5896.85 29400.8
3 5728.94 25724.9
4 8876.47 25696.8
5 16128.2 31400.6
1 5803.73 30538.7
2 5831.99 29378.2
3 5989.32 25512.8
4 8098.21 24268.7
5 17263.8 32860.5
1 5652.18 31530.6
2 5698.86 30470.7
3 5726.28 25380.7
4 9110.07 24668.5
5 15160.6 30577.3

1480420856
