1 3096.8 5487.73
2 2951.93 5225.96
3 2057.62 3668.16
4 3795.97 5694.3
5 7978.43 9768.57
1 13686.4 51462.8
2 13512.4 51731.1
3 14322.7 46517.2
4 22854.9 52158.7
5 44061.9 72367.4
1 13206.8 52996
2 13292.5 51167.9
3 13974.7 47402.1
4 22041.2 50019.1
5 42331 70625.8
1 12925.4 52630.5
2 12910.1 50257.4
3 13582.5 45811
4 22084 51136.5
5 40564.6 70087.9
1 12590.4 52175.9
2 12803.3 50701.3
3 13351.3 46666
4 22498.3 49683.1
5 40546.9 68524.6
1 12477.1 51112.2
2 12737.4 50545.1
3 13416.1 46419.8
4 21344.1 48938.7
5 40882.2 71026.3
1 12424.4 51335.3
2 12530 49384
3 12829.6 45740.9
4 21404.4 50273.7
5 40309.4 68470.5
1 11973.4 51784
2 12464 51100.1
3 12693.6 46345.1
4 20845.2 49370.1
5 41072 69321
1 12100.2 51233.2
2 11941.7 52702.3
3 12660.3 45968.5
4 21192.3 51203.6
5 42381.8 72398.1
1 11833.8 52234.8
2 12158.5 49425.2
3 12445.2 44966.2
4 21213.7 51103
5 39416.3 68908.1
1 11822.8 51045.1
2 11926.8 49063.1
3 12410.4 46309
4 20152 49472.6
5 40077.5 69214.1

1480383719
