1 3305.16 22494.1
2 2620.3 17363.4
3 3452.65 23076.2
4 5445.52 35690.8
5 3395.99 20590.3
1 4268.84 156325
2 3461.55 123199
3 4820.94 139925
4 9017.38 203938
5 10544.2 240288
1 4444.27 163216
2 3800.36 154716
3 4652.66 119830
4 8293.58 212103
5 10533 251291
1 4460.59 183520
2 3612.47 140473
3 4306.15 138993
4 8227.94 198064
5 10194.2 262626
1 3833.1 158637
2 3842.12 146288
3 4877.52 160407
4 8482.68 208856
5 9909.31 256360
1 4104.9 185481
2 3710.12 135689
3 4475.19 135842
4 7731.14 217891
5 9397.92 252414
1 4137.78 174883
2 3329.99 132242
3 4358.31 129953
4 7646.35 200879
5 9383.17 241430
1 4031.14 170222
2 3808.68 154980
3 4861.51 151167
4 7168.96 208310
5 9179.28 250894
1 3859.38 158674
2 3340.61 141455
3 4469.52 148537
4 6942.43 211714
5 9123 230795
1 4174.76 170405
2 3150.12 141538
3 4060.92 140350
4 7609.58 204310
5 8722.05 229808
1 4584.31 204429
2 2874.3 123944
3 4031.74 158946
4 7816.42 235392
5 9267.14 233844

1480417628
