1 3936.8 6893.27
2 3878.55 6783.68
3 2617.85 4572.75
4 4155.59 6092.78
5 7920.02 9569.44
1 14539 54560.8
2 14723.9 52786.1
3 15365.5 52157.8
4 23496.6 51328.4
5 43247.1 71036.3
1 14557.8 52673.5
2 14585.2 53172.9
3 15394.4 53048.2
4 23448.7 52418.9
5 41243.4 68474.1
1 14346.5 53116
2 14157.9 53176.1
3 15103.1 50955.9
4 22617 51200
5 42757.9 69706.1
1 13981.6 52823
2 14108.4 52365.9
3 14682.1 51026
4 22217.9 50288.3
5 40577 68619.1
1 13813.2 53258.8
2 13668.2 53761.2
3 14553.9 50899.4
4 21405.8 50693.1
5 41913.7 70525.7
1 13445.2 52808.5
2 13739.3 52506.5
3 14461.6 50974.2
4 22216.7 50507.8
5 41365.9 68619.3
1 13434.3 53483.6
2 13329 52912.2
3 14107.1 49685.5
4 21939.7 50596.2
5 42213.7 71222.6
1 13176.8 52966.7
2 13348.1 53006.3
3 14085.3 51097.8
4 22236.7 51321.4
5 42427.8 70660.5
1 13105.5 52908.6
2 13171.8 52328.6
3 14113.5 50716.5
4 21563.2 50216.6
5 40249.9 68528.6
1 13111.2 53007.8
2 13189.1 51853.9
3 13776.7 50412.2
4 21193 49875.7
5 41150 69214.3

1480422454
