1 3986.91 28802.4
2 3649.09 26006.3
3 3221.71 23554.4
4 4458.17 30756.3
5 2853.52 20423.3
1 5543.34 322574
2 3742.67 189046
3 5026.77 244115
4 6231.97 214977
5 7642.89 233253
1 5723.05 294942
2 4011.51 219650
3 4316.12 208761
4 7451.13 228283
5 8489.17 260275
1 6550.27 344447
2 3674.48 232670
3 5332.36 251208
4 5917.04 199724
5 8355.26 257078
1 5474.61 306566
2 3446.52 187429
3 5692.26 250514
4 6270.35 197212
5 9011.84 279342
1 6276.93 363122
2 3090.85 192215
3 3591.54 176757
4 5784.86 199491
5 7843.93 263316
1 5347.12 321025
2 4649.63 265656
3 4381.39 222668
4 6226.72 204790
5 7320.14 250413
1 6883.31 414189
2 3897.99 251938
3 5471.87 260553
4 7052.79 264453
5 7553.94 242115
1 5968.87 407533
2 3982.61 205265
3 3678.94 189762
4 6420.58 214113
5 7558.6 235005
1 5736.22 342384
2 4269.03 234404
3 4372.07 219520
4 5801.76 221294
5 6352.09 235616
1 5443.93 359124
2 3335.6 194863
3 4715.4 227388
4 5594.1 235146
5 6903.07 246474

1479951895
#node 200
R_C 10
DL 0.1
