1 5005.55 12782.9
2 4826.8 12386.6
3 4549.12 11668.4
4 2514.66 6351.01
5 3351.6 7312.35
1 19658.5 200626
2 19630.3 200510
3 19912.7 200592
4 20616.9 172455
5 24872.5 159113
1 19288.8 200889
2 19876.8 199487
3 19925.1 199737
4 18586.1 168032
5 24640.6 158901
1 19907 199182
2 18832.1 200298
3 19182.6 203133
4 19285.4 170637
5 23023.5 153295
1 18073.7 199255
2 19084.8 197559
3 18788.5 197889
4 18016.8 174468
5 22338.5 154155
1 18030.4 200456
2 18610.8 201035
3 18100 199386
4 18497.8 172623
5 24169.7 156949
1 18028.1 202678
2 18563.7 199762
3 18020.4 198926
4 17657.5 169956
5 22880.1 153285
1 17903.1 201142
2 17794.3 197059
3 17512.5 199922
4 17731.1 166557
5 23542.4 158476
1 17698.8 202994
2 17318.9 201816
3 18078.3 197456
4 17492.7 172325
5 23856.3 166535
1 17860.4 198699
2 17619.2 202755
3 16976.2 198280
4 18126.3 172481
5 21591 161654
1 17214.3 203570
2 17253.9 198105
3 17217.8 195669
4 17403.9 167231
5 22475.9 158688

1479445721
#node 200
R_C 20
DL 0.1