1	36266.4	137811			36266.4	15517.6	16233.4	16310.6			1	20	0.01	1	1			C=20	DL=0.01	k=1.0		36266.4	36328.3	34191.6	30153.7	27856.9		15517.6	16228.6	14927.2	7694.99	6634.9		16233.4	17251.6	15478	9757.83	5935.21		16310.6	17042.3	15393.4	10085	6013.02
1	15517.6	26565.3			36328.3	16228.6	17251.6	17042.3			2	20	0.01	1	10					1.2		39830.1	33890.7	33876.5	34267	23448.9		38362.4	33420.4	33021.5	33478.2	22413		36607.6	31097.1	30627.5	30490.8	24289.7		17009.6	15122.6	15850	10859.6	5972.09
1	16233.4	27808			34191.6	14927.2	15478	15393.4			3	20	0.01	1	100					1.4		36642.2	38182.8	35281.6	31597.1	25467.2		34556.1	35660.2	32426.8	30452.1	22568.8		32030.5	33750.4	32623.6	28092.9	21341.3		15874.4	16886.7	17092.1	9986.7	7729.24
1	16310.6	27973.3			30153.7	7694.99	9757.83	10085			4	20	0.01	1	1000					1.6		34988.6	37313.5	35178.1	29494.7	26379.4		32956.5	36473.6	34487.9	28869.4	18817.6		30493.5	32788.2	31358.8	26331.1	18499.8		16419.9	16559.6	16923.8	10355.2	6022.25
2	36328.3	135725			27856.9	6634.9	5935.21	6013.02			5	20	0.01	1	10000					1.8		36441.6	32003.2	33774.8	34204	21658.8		34339.4	30582	31448.9	31717.3	21432.7		31747.8	28800.7	29089.8	28350.8	22556.7		15919.2	15554.4	15445.8	10525.4	6302.43
2	16228.6	27813.7			39830.1	38362.4	36607.6	17009.6			6	20	0.01	1.2	1					2		34850.7	31642.4	34019.9	29395.8	28269.6		33054.8	30081.2	32015.7	28716.1	18950.5		30960.6	27414.8	28657	27699	21991.1		16023.3	15789.4	15657.6	9996.03	6765.76
2	17251.6	29384.9			33890.7	33420.4	31097.1	15122.6			7	20	0.01	1.2	10					3		32485.1	35934.6	37291.7	28861.4	23237.3		29292.6	33087.9	33592.8	27694.7	18014.5		26490.3	30016.2	31252	25457.9	18346.3		15585.1	16388.1	16681.4	11281.1	6096.39
2	17042.3	29165.8			33876.5	33021.5	30627.5	15850			8	20	0.01	1.2	100				DL=0.1	k=1.0		10133.5	10486.3	10691	9536.8	12423.7		3376.33	3488.09	3076.28	1528.47	2277.25		3472.38	3755.92	3398.28	1636.91	1954.88		3520.03	3772.63	3263.62	1880.74	2295.99
3	34191.6	137347			34267	33478.2	30490.8	10859.6			9	20	0.01	1.2	1000					1.2		10592.4	11238.9	9933.53	9006.97	12778.5		9978.23	10144.4	9321.41	8551.92	12989.3		9764.18	10169.1	9416.49	8427.21	10366.8		3675.79	3702.62	2991.5	1713.01	2705.82
3	14927.2	25891.9			23448.9	22413	24289.7	5972.09			10	20	0.01	1.2	10000					1.4		10871.4	10387.3	10483.6	9172.24	12003.4		9718.92	9250.72	9194.82	8028.37	11199.8		9748.66	8942.15	9003.77	8001.19	10340.3		3964.63	3616.71	3086.17	2020.79	2602.33
3	15478	26869.6			36642.2	34556.1	32030.5	15874.4			11	20	0.01	1.4	1					1.6		9409.97	10756.3	10081.9	9754.42	13150.3		8320.53	9115.04	8603.07	7539.38	10512		8128.26	9130.52	8748.84	7946.52	10065.7		3564.72	3697.44	3135.52	1950.84	2947.54
3	15393.4	26889.3			38182.8	35660.2	33750.4	16886.7			12	20	0.01	1.4	10					1.8		10629	10086.1	9994.75	9142.16	11681.8		8891.89	8668.42	8316.13	7576.78	9884.01		8525.03	8577.93	8232.31	7438.65	10963.6		3693.03	3710.8	3171.97	1997.77	2477.72
4	30153.7	134112			35281.6	32426.8	32623.6	17092.1			13	20	0.01	1.4	100					2		10691.4	10827.9	10168.6	9470.07	11391		8743.15	8600.33	8111.61	7200.6	10245.4		8679.44	8441.27	8183.95	7688.09	10493.6		3806.93	4037.21	3012.38	1885.85	2239.98
4	7694.99	12485.8			31597.1	30452.1	28092.9	9986.7			14	20	0.01	1.4	1000					3		10175.7	10256.3	10277.4	9740.39	10925.2		7725.36	7490.54	7320.45	6553.74	8270.14		7519	7357.03	7168.63	6539.67	9163.33		3814.62	3547.2	3162.84	1797.47	2471.94
4	9757.83	15877.6			25467.2	22568.8	21341.3	7729.24			15	20	0.01	1.4	10000				DL=0.3	k=1.0		8033.57	8876.79	8608.79	8717.15	9320.77		2134.56	2400.17	2001.51	1637.01	1630.95		2374.06	2393.95	2151.06	1489.42	1732.53		2394.66	2520.11	2238.38	1464.9	1491.94
4	10085	16685.5			34988.6	32956.5	30493.5	16419.9			16	20	0.01	1.6	1					1.2		8204.05	8462.36	7461.84	8834.11	11862.2		7811.62	7845.36	6985.28	7900.03	10508.9		7908.14	8100.26	7212.56	7614.83	10409.2		7881.2	8111.06	7056.91	8301.66	10020.7
5	27856.9	93995.7			37313.5	36473.6	32788.2	16559.6			17	20	0.01	1.6	10					1.4		7709.84	7464.14	7543.89	7929.91	10667.9		7134.59	6885.37	6951.15	7184.56	9517.05		7194.96	7273.44	6949.94	7626.1	9780.97		7232.41	7259.89	7164.56	7335.96	10912.9
5	6634.9	7888.01			35178.1	34487.9	31358.8	16923.8			18	20	0.01	1.6	100					1.6		7441.08	7494.56	7104.92	7476.39	9426.09		6676.32	6686.73	6713.35	7178.43	10793.9		6941.4	7090.8	6809.77	7200.23	10443.5		7007.26	7008.37	6610.83	6917.22	9587.32
5	5935.21	7737.89			29494.7	28869.4	26331.1	10355.2			19	20	0.01	1.6	1000					1.8		7518.6	7453.54	7274.05	7191.9	11137.7		7087.46	6876.63	6580.25	6193.65	9646.22		7164.13	6994.89	6868.61	6998.84	8714.14		7038.15	7039.19	7037.72	7254.11	10671.9
5	6013.02	7924.04			26379.4	18817.6	18499.8	6022.25			20	20	0.01	1.6	10000					2		6884.03	6635.66	6886.54	7565.35	10349.5		6321.24	6322.81	6418.52	7276.58	9357.65		6496.03	6461.54	6351.6	7037.97	8491.56		6553.95	6330.69	6595	7300.58	8595.51
6	39830.1	137402			36441.6	34339.4	31747.8	15919.2			21	20	0.01	1.8	1					3		6196.99	5905.44	6067.37	6689.14	9429.77		5535.84	5467.02	5553.62	6410.89	8478.4		5855.57	5572.12	5729.84	6223.21	9755.22		5931.35	5615.63	5778.49	6357.22	8626.51
6	38362.4	124760			32003.2	30582	28800.7	15554.4			22	20	0.01	1.8	10			C=10	DL=0.01	k=1.0		891.61	242.06	309.68	897.22	2007.27		150.9	223.03	71.64	908.91	1399.04		277.67	426.76	267.39	923.52	1267.52		515.11	100.8	131.34	1100.02	1325.84
6	36607.6	117472			33774.8	31448.9	29089.8	15445.8			23	20	0.01	1.8	100					1.2		1.4	156.98	205.02	828.29	2054.51		272.31	138.53	53.73	885.81	2404.2		366.2	240.64	47.76	1012.24	1952.79		0.42	184.85	507.91	711.21	2328.93
6	17009.6	28896.3			34204	31717.3	28350.8	10525.4			24	20	0.01	1.8	1000					1.4		1.59	135.18	33.83	1012.61	1787.24		325.75	313.11	218.27	679.18	1158.37		214.45	252.81	109.48	1408.69	1484.21		217.23	521.28	273.46	759.87	1626.04
7	33890.7	133980			21658.8	21432.7	22556.7	6302.43			25	20	0.01	1.8	10000					1.6		72.52	90.77	134.46	584.58	1061.03		115.28	22.5	457.63	873.38	2237.65		2.21	188.42	228.17	696.82	1922.33		164.83	165.63	165.58	619	2077.92
7	33420.4	124043			34850.7	33054.8	30960.6	16023.3			26	20	0.01	2	1					1.8		346.67	5.73	328.55	977.68	2141.83		31.26	402.79	345.58	641.94	1350.43		105.93	271.61	478.88	1018.18	1302.44		371.21	415.53	145.27	818.58	1752.37
7	31097.1	112733			31642.4	30081.2	27414.8	15789.4			27	20	0.01	2	10					2		441.5	582.52	940.51	896.93	1384.7		301.64	6.56	1091.52	871.76	1979.93		651.15	378.2	885.96	1256.51	1401.98		386.17	280.83	311.91	709.37	1899.21
7	15122.6	26182.1			34019.9	32015.7	28657	15657.6			28	20	0.01	2	100					3		54.75	220.65	422.85	1111.69	1434.46		110.8	7	325.99	547.72	1697.04		108.68	328.31	602.16	1104.12	1646.9		0.88	167.81	133.27	790.94	1581.52
8	33876.5	135351			29395.8	28716.1	27699	9996.03			29	20	0.01	2	1000				DL=0.1	k=1.0		0.44	3.6	45.78	385.77	1079.91		0.38	3.53	40.33	587.78	1122.93		0.39	3.39	38.15	460.31	1359.83		0.28	3.34	30.52	400.58	1083.11
8	33021.5	123822			28269.6	18950.5	21991.1	6765.76			30	20	0.01	2	10000					1.2		0.49	3.86	39.24	513.94	460.81		0.5	3.79	46.87	348.8	905.32		0.45	4.15	49.05	446.35	1056.13		0.75	3.39	31.61	414.62	841.79
8	30627.5	112293			32485.1	29292.6	26490.3	15585.1			31	20	0.01	3	1					1.4		0.35	4.63	35.97	465.28	1311.8		0.56	3.93	53.41	504.11	906.64		0.42	2.99	51.23	521.69	888.91		0.5	3.87	44.69	540.27	1315.45
8	15850	27212.5			35934.6	33087.9	30016.2	16388.1			32	20	0.01	3	10					1.6		0.31	4.79	34.88	353.74	894.94		0.44	2.78	27.25	388.6	472.41		0.52	3.07	27.25	459.48	896.73		0.32	2.9	39.24	385.02	1380.21
9	34267	134715			37291.7	33592.8	31252	16681.4			33	20	0.01	3	100					1.8		0.35	2.47	50.14	471.53	805.44		0.4	4.65	39.24	431.45	1058.22		0.32	3.64	56.68	454.46	1017.42		0.33	3.29	106.88	405.05	1128.95
9	33478.2	122694			28861.4	27694.7	25457.9	11281.1			34	20	0.01	3	1000					2		0.34	3.31	28.34	536.44	883.1		0.46	5.11	18.53	385.69	1048		0.35	3.18	38.15	357.74	990.27		0.38	5.39	27.25	364.96	864.39
9	30490.8	112301			23237.3	18014.5	18346.3	6096.39			35	20	0.01	3	10000					3		0.32	3.18	44.69	369.35	627.8		0.49	3.91	50.14	313.37	893.29		0.39	4.39	56.68	228.9	802.48		0.37	4.14	69.76	287.02	726.52
9	10859.6	17197.8			10133.5	3376.33	3472.38	3520.03			36	20	0.1	1	1				DL=0.3	k=1.0		0.4	4.21	37.77	371.28	1302.22		0.35	3.91	37.77	184.14	929.56		0.24	3.2	50.03	327.37	1040.52		0.3	3.4	43.92	352.74	1026.73
10	23448.9	87753.9			10486.3	3488.09	3755.92	3772.63			37	20	0.1	1	10					1.2		0.39	2.4	26.53	255.77	1047.58		0.4	3.51	57.22	265.99	1164.16		0.26	4.42	38.82	367.35	715.91		0.39	4.31	44.92	306.92	177.01
10	22413	80519.2			10691	3076.28	3398.28	3263.62			38	20	0.1	1	100					1.4		0.46	3.71	34.69	470.61	966.39		0.42	3.7	24.48	387.57	1067.48		0.46	4.63	42.87	347.87	1262.5		0.39	4.61	23.47	482.84	1069.62
10	24289.7	70491.9			9536.8	1528.47	1636.91	1880.74			39	20	0.1	1	1000					1.6		0.35	6.32	32.67	310.09	773.38		0.32	3.3	56.17	442.24	1270.25		0.24	4.11	31.64	288.33	1138.26		0.54	3.7	42.87	421.62	1239.36
10	5972.09	7696.36			12423.7	2277.25	1954.88	2295.99			40	20	0.1	1	10000					1.8		0.46	5.54	50.04	382.08	1317.25		0.23	3.31	41.88	360.25	901.52		0.45	3.91	41.87	327.37	762.26		0.26	5.12	39.82	286.46	1109.48
11	36642.2	135406			10592.4	9978.23	9764.18	3675.79			41	20	0.1	1.2	1					2		0.51	4.61	34.71	296.48	795.57		0.43	5.14	29.62	308.19	785.09		0.46	3.2	25.52	269.53	677.45		0.57	4.14	31.62	358.07	860.53
11	34556.1	123944			11238.9	10144.4	10169.1	3702.62			42	20	0.1	1.2	10					3		0.3	4.52	30.62	209.68	1271.74		0.28	4.42	60.29	325.13	949.03		0.41	2.9	32.67	301.11	1202.09		0.23	3.41	54.14	445.82	1001.81
11	32030.5	110925			9933.53	9321.41	9416.49	2991.5			43	20	0.1	1.2	100																													
11	15874.4	27397.3			9006.97	8551.92	8427.21	1713.01			44	20	0.1	1.2	1000																													
12	38182.8	137223			12778.5	12989.3	10366.8	2705.82			45	20	0.1	1.2	10000								ALG : 0 (Possible Shortest Path)						ALG : 1 (More Improved Random)						ALG : 2 (Improved Random alg)						ALG : 3 (Shortest Path alg)			
12	35660.2	124008			10871.4	9718.92	9748.66	3964.63			46	20	0.1	1.4	1						I	1	10	100	1000	10000		1	10	100	1000	10000		1	10	100	1000	10000		1	10	100	1000	10000
12	33750.4	114889			10387.3	9250.72	8942.15	3616.71			47	20	0.1	1.4	10																													
12	16886.7	28715.1			10483.6	9194.82	9003.77	3086.17			48	20	0.1	1.4	100																													
13	35281.6	134709			9172.24	8028.37	8001.19	2020.79			49	20	0.1	1.4	1000																													
13	32426.8	121922			12003.4	11199.8	10340.3	2602.33			50	20	0.1	1.4	10000																													
13	32623.6	114749			9409.97	8320.53	8128.26	3564.72			51	20	0.1	1.6	1																													
13	17092.1	28945			10756.3	9115.04	9130.52	3697.44			52	20	0.1	1.6	10																													
14	31597.1	136121			10081.9	8603.07	8748.84	3135.52			53	20	0.1	1.6	100																													
14	30452.1	119681			9754.42	7539.38	7946.52	1950.84			54	20	0.1	1.6	1000																													
14	28092.9	109811			13150.3	10512	10065.7	2947.54			55	20	0.1	1.6	10000																													
14	9986.7	16163.2			10629	8891.89	8525.03	3693.03			56	20	0.1	1.8	1																													
15	25467.2	87117.1			10086.1	8668.42	8577.93	3710.8			57	20	0.1	1.8	10																													
15	22568.8	77362.3			9994.75	8316.13	8232.31	3171.97			58	20	0.1	1.8	100																													
15	21341.3	68534.5			9142.16	7576.78	7438.65	1997.77			59	20	0.1	1.8	1000																													
15	7729.24	9276.81			11681.8	9884.01	10963.6	2477.72			60	20	0.1	1.8	10000																													
16	34988.6	138075			10691.4	8743.15	8679.44	3806.93			61	20	0.1	2	1																													
16	32956.5	122554			10827.9	8600.33	8441.27	4037.21			62	20	0.1	2	10																													
16	30493.5	114878			10168.6	8111.61	8183.95	3012.38			63	20	0.1	2	100																													
16	16419.9	28481.7			9470.07	7200.6	7688.09	1885.85			64	20	0.1	2	1000																													
17	37313.5	135587			11391	10245.4	10493.6	2239.98			65	20	0.1	2	10000																													
17	36473.6	126670			10175.7	7725.36	7519	3814.62			66	20	0.1	3	1																													
17	32788.2	112888			10256.3	7490.54	7357.03	3547.2			67	20	0.1	3	10																													
17	16559.6	28154.8			10277.4	7320.45	7168.63	3162.84			68	20	0.1	3	100																													
18	35178.1	137335			9740.39	6553.74	6539.67	1797.47			69	20	0.1	3	1000																													
18	34487.9	124246			10925.2	8270.14	9163.33	2471.94			70	20	0.1	3	10000																													
18	31358.8	116685			8033.57	2134.56	2374.06	2394.66			71	20	0.3	1	1																													
18	16923.8	28823.3			8876.79	2400.17	2393.95	2520.11			72	20	0.3	1	10																													
19	29494.7	136406			8608.79	2001.51	2151.06	2238.38			73	20	0.3	1	100																													
19	28869.4	120292			8717.15	1637.01	1489.42	1464.9			74	20	0.3	1	1000																													
19	26331.1	111890			9320.77	1630.95	1732.53	1491.94			75	20	0.3	1	10000																													
19	10355.2	16329.9			8204.05	7811.62	7908.14	7881.2			76	20	0.3	1.2	1																													
20	26379.4	91233.9			8462.36	7845.36	8100.26	8111.06			77	20	0.3	1.2	10																													
20	18817.6	69576.2			7461.84	6985.28	7212.56	7056.91			78	20	0.3	1.2	100																													
20	18499.8	66548.3			8834.11	7900.03	7614.83	8301.66			79	20	0.3	1.2	1000																													
20	6022.25	8263.14			11862.2	10508.9	10409.2	10020.7			80	20	0.3	1.2	10000																													
21	36441.6	138506			7709.84	7134.59	7194.96	7232.41			81	20	0.3	1.4	1																													
21	34339.4	122641			7464.14	6885.37	7273.44	7259.89			82	20	0.3	1.4	10																													
21	31747.8	114735			7543.89	6951.15	6949.94	7164.56			83	20	0.3	1.4	100																													
21	15919.2	27460.3			7929.91	7184.56	7626.1	7335.96			84	20	0.3	1.4	1000																													
22	32003.2	132608			10667.9	9517.05	9780.97	10912.9			85	20	0.3	1.4	10000																													
22	30582	123572			7441.08	6676.32	6941.4	7007.26			86	20	0.3	1.6	1																													
22	28800.7	113940			7494.56	6686.73	7090.8	7008.37			87	20	0.3	1.6	10																													
22	15554.4	26807			7104.92	6713.35	6809.77	6610.83			88	20	0.3	1.6	100																													
23	33774.8	138387			7476.39	7178.43	7200.23	6917.22			89	20	0.3	1.6	1000																													
23	31448.9	123264			9426.09	10793.9	10443.5	9587.32			90	20	0.3	1.6	10000																													
23	29089.8	114510			7518.6	7087.46	7164.13	7038.15			91	20	0.3	1.8	1																													
23	15445.8	26582.8			7453.54	6876.63	6994.89	7039.19			92	20	0.3	1.8	10																													
24	34204	136242			7274.05	6580.25	6868.61	7037.72			93	20	0.3	1.8	100																													
24	31717.3	118251			7191.9	6193.65	6998.84	7254.11			94	20	0.3	1.8	1000																													
24	28350.8	112945			11137.7	9646.22	8714.14	10671.9			95	20	0.3	1.8	10000																													
24	10525.4	16474.8			6884.03	6321.24	6496.03	6553.95			96	20	0.3	2	1																													
25	21658.8	82216.5			6635.66	6322.81	6461.54	6330.69			97	20	0.3	2	10																													
25	21432.7	77478.1			6886.54	6418.52	6351.6	6595			98	20	0.3	2	100																													
25	22556.7	74096.2			7565.35	7276.58	7037.97	7300.58			99	20	0.3	2	1000																													
25	6302.43	7859.39			10349.5	9357.65	8491.56	8595.51			100	20	0.3	2	10000																													
26	34850.7	137359			6196.99	5535.84	5855.57	5931.35			101	20	0.3	3	1																													
26	33054.8	123764			5905.44	5467.02	5572.12	5615.63			102	20	0.3	3	10																													
26	30960.6	115748			6067.37	5553.62	5729.84	5778.49			103	20	0.3	3	100																													
26	16023.3	27266.2			6689.14	6410.89	6223.21	6357.22			104	20	0.3	3	1000																													
27	31642.4	135547			9429.77	8478.4	9755.22	8626.51			105	20	0.3	3	10000																													
27	30081.2	124691			891.61	150.9	277.67	515.11			106	10	0.01	1	1																													
27	27414.8	114213			242.06	223.03	426.76	100.8			107	10	0.01	1	10																													
27	15789.4	27171.3			309.68	71.64	267.39	131.34			108	10	0.01	1	100																													
28	34019.9	136744			897.22	908.91	923.52	1100.02			109	10	0.01	1	1000																													
28	32015.7	124481			2007.27	1399.04	1267.52	1325.84			110	10	0.01	1	10000																													
28	28657	114499			1.4	272.31	366.2	0.42			111	10	0.01	1.2	1																													
28	15657.6	26732.7			156.98	138.53	240.64	184.85			112	10	0.01	1.2	10																													
29	29395.8	138470			205.02	53.73	47.76	507.91			113	10	0.01	1.2	100																													
29	28716.1	120366			828.29	885.81	1012.24	711.21			114	10	0.01	1.2	1000																													
29	27699	110834			2054.51	2404.2	1952.79	2328.93			115	10	0.01	1.2	10000																													
29	9996.03	16291.4			1.59	325.75	214.45	217.23			116	10	0.01	1.4	1																													
30	28269.6	90175.8			135.18	313.11	252.81	521.28			117	10	0.01	1.4	10																													
30	18950.5	71763.3			33.83	218.27	109.48	273.46			118	10	0.01	1.4	100																													
30	21991.1	72620.7			1012.61	679.18	1408.69	759.87			119	10	0.01	1.4	1000																													
30	6765.76	8867.83			1787.24	1158.37	1484.21	1626.04			120	10	0.01	1.4	10000																													
31	32485.1	135238			72.52	115.28	2.21	164.83			121	10	0.01	1.6	1																													
31	29292.6	124021			90.77	22.5	188.42	165.63			122	10	0.01	1.6	10																													
31	26490.3	115617			134.46	457.63	228.17	165.58			123	10	0.01	1.6	100																													
31	15585.1	27240.8			584.58	873.38	696.82	619			124	10	0.01	1.6	1000																													
32	35934.6	135390			1061.03	2237.65	1922.33	2077.92			125	10	0.01	1.6	10000																													
32	33087.9	119753			346.67	31.26	105.93	371.21			126	10	0.01	1.8	1																													
32	30016.2	113762			5.73	402.79	271.61	415.53			127	10	0.01	1.8	10																													
32	16388.1	27798.3			328.55	345.58	478.88	145.27			128	10	0.01	1.8	100																													
33	37291.7	135468			977.68	641.94	1018.18	818.58			129	10	0.01	1.8	1000																													
33	33592.8	124664			2141.83	1350.43	1302.44	1752.37			130	10	0.01	1.8	10000																													
33	31252	117922			441.5	301.64	651.15	386.17			131	10	0.01	2	1																													
33	16681.4	28338.7			582.52	6.56	378.2	280.83			132	10	0.01	2	10																													
34	28861.4	136265			940.51	1091.52	885.96	311.91			133	10	0.01	2	100																													
34	27694.7	119563			896.93	871.76	1256.51	709.37			134	10	0.01	2	1000																													
34	25457.9	110588			1384.7	1979.93	1401.98	1899.21			135	10	0.01	2	10000																													
34	11281.1	17834.1			54.75	110.8	108.68	0.88			136	10	0.01	3	1																													
35	23237.3	86845.7			220.65	7	328.31	167.81			137	10	0.01	3	10																													
35	18014.5	75146			422.85	325.99	602.16	133.27			138	10	0.01	3	100																													
35	18346.3	65179.4			1111.69	547.72	1104.12	790.94			139	10	0.01	3	1000																													
35	6096.39	8240.77			1434.46	1697.04	1646.9	1581.52			140	10	0.01	3	10000																													
36	10133.5	128804			0.44	0.38	0.39	0.28			141	10	0.1	1	1																													
36	3376.33	8859.64			3.6	3.53	3.39	3.34			142	10	0.1	1	10																													
36	3472.38	9132.13			45.78	40.33	38.15	30.52			143	10	0.1	1	100																													
36	3520.03	9233.78			385.77	587.78	460.31	400.58			144	10	0.1	1	1000																													
37	10486.3	125436			1079.91	1122.93	1359.83	1083.11			145	10	0.1	1	10000																													
37	3488.09	9139.13			0.49	0.5	0.45	0.75			146	10	0.1	1.2	1																													
37	3755.92	9838.36			3.86	3.79	4.15	3.39			147	10	0.1	1.2	10																													
37	3772.63	9873.05			39.24	46.87	49.05	31.61			148	10	0.1	1.2	100																													
38	10691	118471			513.94	348.8	446.35	414.62			149	10	0.1	1.2	1000																													
38	3076.28	8098.25			460.81	905.32	1056.13	841.79			150	10	0.1	1.2	10000																													
38	3398.28	8877.68			0.35	0.56	0.42	0.5			151	10	0.1	1.4	1																													
38	3263.62	8583.17			4.63	3.93	2.99	3.87			152	10	0.1	1.4	10																													
39	9536.8	81229.7			35.97	53.41	51.23	44.69			153	10	0.1	1.4	100																													
39	1528.47	3864.59			465.28	504.11	521.69	540.27			154	10	0.1	1.4	1000																													
39	1636.91	4316.7			1311.8	906.64	888.91	1315.45			155	10	0.1	1.4	10000																													
39	1880.74	4583.17			0.31	0.44	0.52	0.32			156	10	0.1	1.6	1																													
40	12423.7	84690.2			4.79	2.78	3.07	2.9			157	10	0.1	1.6	10																													
40	2277.25	4890.72			34.88	27.25	27.25	39.24			158	10	0.1	1.6	100																													
40	1954.88	4475.47			353.74	388.6	459.48	385.02			159	10	0.1	1.6	1000																													
40	2295.99	4847.86			894.94	472.41	896.73	1380.21			160	10	0.1	1.6	10000																													
41	10592.4	126434			0.35	0.4	0.32	0.33			161	10	0.1	1.8	1																													
41	9978.23	115064			2.47	4.65	3.64	3.29			162	10	0.1	1.8	10																													
41	9764.18	105757			50.14	39.24	56.68	106.88			163	10	0.1	1.8	100																													
41	3675.79	9568.21			471.53	431.45	454.46	405.05			164	10	0.1	1.8	1000																													
42	11238.9	126534			805.44	1058.22	1017.42	1128.95			165	10	0.1	1.8	10000																													
42	10144.4	112882			0.34	0.46	0.35	0.38			166	10	0.1	2	1																													
42	10169.1	105413			3.31	5.11	3.18	5.39			167	10	0.1	2	10																													
42	3702.62	9694.64			28.34	18.53	38.15	27.25			168	10	0.1	2	100																													
43	9933.53	120086			536.44	385.69	357.74	364.96			169	10	0.1	2	1000																													
43	9321.41	103590			883.1	1048	990.27	864.39			170	10	0.1	2	10000																													
43	9416.49	99351.1			0.32	0.49	0.39	0.37			171	10	0.1	3	1																													
43	2991.5	7811.29			3.18	3.91	4.39	4.14			172	10	0.1	3	10																													
44	9006.97	81914.7			44.69	50.14	56.68	69.76			173	10	0.1	3	100																													
44	8551.92	76740.6			369.35	313.37	228.9	287.02			174	10	0.1	3	1000																													
44	8427.21	67833.4			627.8	893.29	802.48	726.52			175	10	0.1	3	10000																													
44	1713.01	4463.71			0.4	0.35	0.24	0.3			176	10	0.3	1	1																													
45	12778.5	77979.4			4.21	3.91	3.2	3.4			177	10	0.3	1	10																													
45	12989.3	74449.5			37.77	37.77	50.03	43.92			178	10	0.3	1	100																													
45	10366.8	59921.7			371.28	184.14	327.37	352.74			179	10	0.3	1	1000																													
45	2705.82	5431.34			1302.22	929.56	1040.52	1026.73			180	10	0.3	1	10000																													
46	10871.4	124143			0.39	0.4	0.26	0.39			181	10	0.3	1.2	1																													
46	9718.92	109220			2.4	3.51	4.42	4.31			182	10	0.3	1.2	10																													
46	9748.66	105064			26.53	57.22	38.82	44.92			183	10	0.3	1.2	100																													
46	3964.63	10336.5			255.77	265.99	367.35	306.92			184	10	0.3	1.2	1000																													
47	10387.3	127489			1047.58	1164.16	715.91	177.01			185	10	0.3	1.2	10000																													
47	9250.72	111584			0.46	0.42	0.46	0.39			186	10	0.3	1.4	1																													
47	8942.15	101760			3.71	3.7	4.63	4.61			187	10	0.3	1.4	10																													
47	3616.71	9640.91			34.69	24.48	42.87	23.47			188	10	0.3	1.4	100																													
48	10483.6	119644			470.61	387.57	347.87	482.84			189	10	0.3	1.4	1000																													
48	9194.82	103758			966.39	1067.48	1262.5	1069.62			190	10	0.3	1.4	10000																													
48	9003.77	95837.7			0.35	0.32	0.24	0.54			191	10	0.3	1.6	1																													
48	3086.17	8139.15			6.32	3.3	4.11	3.7			192	10	0.3	1.6	10																													
49	9172.24	81533.2			32.67	56.17	31.64	42.87			193	10	0.3	1.6	100																													
49	8028.37	69923.4			310.09	442.24	288.33	421.62			194	10	0.3	1.6	1000																													
49	8001.19	66034.1			773.38	1270.25	1138.26	1239.36			195	10	0.3	1.6	10000																													
49	2020.79	5049.96			0.46	0.23	0.45	0.26			196	10	0.3	1.8	1																													
50	12003.4	78014.3			5.54	3.31	3.91	5.12			197	10	0.3	1.8	10																													
50	11199.8	66370.9			50.04	41.88	41.87	39.82			198	10	0.3	1.8	100																													
50	10340.3	60643.8			382.08	360.25	327.37	286.46			199	10	0.3	1.8	1000																													
50	2602.33	5405.86			1317.25	901.52	762.26	1109.48			200	10	0.3	1.8	10000																													
51	9409.97	124078			0.51	0.43	0.46	0.57			201	10	0.3	2	1																													
51	8320.53	107982			4.61	5.14	3.2	4.14			202	10	0.3	2	10																													
51	8128.26	103666			34.71	29.62	25.52	31.62			203	10	0.3	2	100																													
51	3564.72	9447.72			296.48	308.19	269.53	358.07			204	10	0.3	2	1000																													
52	10756.3	124916			795.57	785.09	677.45	860.53			205	10	0.3	2	10000																													
52	9115.04	112378			0.3	0.28	0.41	0.23			206	10	0.3	3	1																													
52	9130.52	103674			4.52	4.42	2.9	3.41			207	10	0.3	3	10																													
52	3697.44	9779.35			30.62	60.29	32.67	54.14			208	10	0.3	3	100																													
53	10081.9	121351			209.68	325.13	301.11	445.82			209	10	0.3	3	1000																													
53	8603.07	103290			1271.74	949.03	1202.09	1001.81			210	10	0.3	3	10000																													
53	8748.84	98069.6																																										
53	3135.52	8331.18																																										
54	9754.42	84086.7																																										
54	7539.38	63923.1																																										
54	7946.52	64353.2																																										
54	1950.84	4865.85																																										
55	13150.3	82190.1																																										
55	10512	70005.6																																										
55	10065.7	63765.6																																										
55	2947.54	5988.09																																										
56	10629	125357																																										
56	8891.89	108499																																										
56	8525.03	99569.3																																										
56	3693.03	9674.31																																										
57	10086.1	123356																																										
57	8668.42	108616																																										
57	8577.93	104405																																										
57	3710.8	9766.36																																										
58	9994.75	120113																																										
58	8316.13	99036.5																																										
58	8232.31	94990.8																																										
58	3171.97	8246.91																																										
59	9142.16	81782.2																																										
59	7576.78	69799.2																																										
59	7438.65	63967.5																																										
59	1997.77	4942.65																																										
60	11681.8	80446.1																																										
60	9884.01	66721																																										
60	10963.6	67095.5																																										
60	2477.72	5387.45																																										
61	10691.4	125579																																										
61	8743.15	109657																																										
61	8679.44	104070																																										
61	3806.93	9994.11																																										
62	10827.9	127121																																										
62	8600.33	109699																																										
62	8441.27	103417																																										
62	4037.21	10652																																										
63	10168.6	119791																																										
63	8111.61	99699.1																																										
63	8183.95	96880.4																																										
63	3012.38	7845.53																																										
64	9470.07	82117.8																																										
64	7200.6	66684.4																																										
64	7688.09	67699.8																																										
64	1885.85	4771.01																																										
65	11391	77986.8																																										
65	10245.4	67385.1																																										
65	10493.6	63999.3																																										
65	2239.98	5109.85																																										
66	10175.7	125159																																										
66	7725.36	107142																																										
66	7519	104710																																										
66	3814.62	9937.41																																										
67	10256.3	125292																																										
67	7490.54	110336																																										
67	7357.03	104817																																										
67	3547.2	9322.95																																										
68	10277.4	122261																																										
68	7320.45	101217																																										
68	7168.63	95734.6																																										
68	3162.84	8482.82																																										
69	9740.39	83483.1																																										
69	6553.74	69928.9																																										
69	6539.67	62474.3																																										
69	1797.47	4543.74																																										
70	10925.2	78517																																										
70	8270.14	70285.6																																										
70	9163.33	67110.6																																										
70	2471.94	5378.38																																										
71	8033.57	97094.8																																										
71	2134.56	5910.27																																										
71	2374.06	6569.61																																										
71	2394.66	6617.4																																										
72	8876.79	100770																																										
72	2400.17	6536.41																																										
72	2393.95	6533.5																																										
72	2520.11	6885.95																																										
73	8608.79	90041.1																																										
73	2001.51	5520.31																																										
73	2151.06	5816.65																																										
73	2238.38	6178.85																																										
74	8717.15	79109.5																																										
74	1637.01	4287.14																																										
74	1489.42	3853.6																																										
74	1464.9	4112.7																																										
75	9320.77	75076.7																																										
75	1630.95	3619.15																																										
75	1732.53	3786.58																																										
75	1491.94	3623.13																																										
76	8204.05	99224.9																																										
76	7811.62	88907.9																																										
76	7908.14	80740.3																																										
76	7881.2	79859																																										
77	8462.36	100288																																										
77	7845.36	89162.9																																										
77	8100.26	81586.8																																										
77	8111.06	80877																																										
78	7461.84	82650.3																																										
78	6985.28	69421.6																																										
78	7212.56	68021.3																																										
78	7056.91	65369.3																																										
79	8834.11	76423.5																																										
79	7900.03	69856.4																																										
79	7614.83	58620.4																																										
79	8301.66	64651.8																																										
80	11862.2	81093.6																																										
80	10508.9	67487.4																																										
80	10409.2	62627.6																																										
80	10020.7	63995.8																																										
81	7709.84	105809																																										
81	7134.59	87223.8																																										
81	7194.96	84455																																										
81	7232.41	84922.1																																										
82	7464.14	96786.1																																										
82	6885.37	81698.5																																										
82	7273.44	79780.2																																										
82	7259.89	79848.7																																										
83	7543.89	86057.9																																										
83	6951.15	70150.7																																										
83	6949.94	65667.3																																										
83	7164.56	68092.5																																										
84	7929.91	74330.4																																										
84	7184.56	60781.8																																										
84	7626.1	60652.8																																										
84	7335.96	61428.8																																										
85	10667.9	80243.4																																										
85	9517.05	68426.7																																										
85	9780.97	60498.3																																										
85	10912.9	68759.2																																										
86	7441.08	98657.6																																										
86	6676.32	79244.5																																										
86	6941.4	79799.6																																										
86	7007.26	80314.1																																										
87	7494.56	101731																																										
87	6686.73	81763.4																																										
87	7090.8	81427.6																																										
87	7008.37	81685.5																																										
88	7104.92	80771.7																																										
88	6713.35	69371.3																																										
88	6809.77	64815.8																																										
88	6610.83	64217																																										
89	7476.39	73654.5																																										
89	7178.43	66045																																										
89	7200.23	59810.6																																										
89	6917.22	58200.9																																										
90	9426.09	77277.7																																										
90	10793.9	69811.6																																										
90	10443.5	66362.2																																										
90	9587.32	64775.1																																										
91	7518.6	101799																																										
91	7087.46	88576.9																																										
91	7164.13	84816.2																																										
91	7038.15	85153.6																																										
92	7453.54	97129.7																																										
92	6876.63	81962																																										
92	6994.89	80132.5																																										
92	7039.19	81159.2																																										
93	7274.05	86379.8																																										
93	6580.25	70755.3																																										
93	6868.61	68902.3																																										
93	7037.72	70808.5																																										
94	7191.9	74272.4																																										
94	6193.65	60687.5																																										
94	6998.84	64554.1																																										
94	7254.11	64807.1																																										
95	11137.7	78137.9																																										
95	9646.22	68542.1																																										
95	8714.14	62539.3																																										
95	10671.9	66903.5																																										
96	6884.03	100526																																										
96	6321.24	81084.3																																										
96	6496.03	82830.5																																										
96	6553.95	83250																																										
97	6635.66	93733.7																																										
97	6322.81	79798.5																																										
97	6461.54	78472.4																																										
97	6330.69	77306.8																																										
98	6886.54	80506.6																																										
98	6418.52	74049																																										
98	6351.6	66502.2																																										
98	6595	68053.4																																										
99	7565.35	76131.1																																										
99	7276.58	69143.1																																										
99	7037.97	63377.4																																										
99	7300.58	65950.6																																										
100	10349.5	79984																																										
100	9357.65	68135.9																																										
100	8491.56	61815.7																																										
100	8595.51	58569																																										
101	6196.99	100602																																										
101	5535.84	83176.8																																										
101	5855.57	84243.4																																										
101	5931.35	85510																																										
102	5905.44	94440.7																																										
102	5467.02	77298.4																																										
102	5572.12	78604.8																																										
102	5615.63	79370.3																																										
103	6067.37	80079																																										
103	5553.62	67394.8																																										
103	5729.84	66702.3																																										
103	5778.49	70201.1																																										
104	6689.14	74955.5																																										
104	6410.89	65331																																										
104	6223.21	63512.3																																										
104	6357.22	62340.2																																										
105	9429.77	77476.1																																										
105	8478.4	72463.7																																										
105	9755.22	68315.8																																										
105	8626.51	64074.5																																										
1	891.61	7906.59																																										
1	150.9	406.56																																										
1	277.67	932.92																																										
1	515.11	1820.26																																										
2	242.06	3868.27																																										
2	223.03	741.83																																										
2	426.76	1759.6																																										
2	100.8	398.18																																										
3	309.68	1998.23																																										
3	71.64	189																																										
3	267.39	933.66																																										
3	131.34	341																																										
4	897.22	5182.14																																										
4	908.91	2113.51																																										
4	923.52	2728.36																																										
4	1100.02	3230.08																																										
5	2007.27	7447.61																																										
5	1399.04	3309.92																																										
5	1267.52	3260.88																																										
5	1325.84	2424.66																																										
6	1.4	5.19																																										
6	272.31	3677.15																																										
6	366.2	6013.7																																										
6	0.42	2.24																																										
7	156.98	3233.03																																										
7	138.53	2152.3																																										
7	240.64	4293.45																																										
7	184.85	3524.29																																										
8	205.02	2659.38																																										
8	53.73	150.7																																										
8	47.76	133.51																																										
8	507.91	6981.18																																										
9	828.29	3233.57																																										
9	885.81	6489.21																																										
9	1012.24	5213.07																																										
9	711.21	4246.99																																										
10	2054.51	10005.2																																										
10	2404.2	9089.88																																										
10	1952.79	7786.38																																										
10	2328.93	6369.25																																										
11	1.59	7.19																																										
11	325.75	2859.9																																										
11	214.45	1941.14																																										
11	217.23	1980.12																																										
12	135.18	2454.86																																										
12	313.11	3676.78																																										
12	252.81	3546.65																																										
12	521.28	8104.47																																										
13	33.83	111.78																																										
13	218.27	3362.07																																										
13	109.48	1620.78																																										
13	273.46	2511.85																																										
14	1012.61	5621.77																																										
14	679.18	2680.91																																										
14	1408.69	9557.46																																										
14	759.87	4562.26																																										
15	1787.24	6170.82																																										
15	1158.37	5556.9																																										
15	1484.21	5047.16																																										
15	1626.04	8602.47																																										
16	72.52	1575.5																																										
16	115.28	1832.89																																										
16	2.21	8.03																																										
16	164.83	3470.9																																										
17	90.77	2157.98																																										
17	22.5	114.79																																										
17	188.42	4065.91																																										
17	165.63	1183.71																																										
18	134.46	1694.34																																										
18	457.63	3757.73																																										
18	228.17	4195.2																																										
18	165.58	2645.3																																										
19	584.58	3044.93																																										
19	873.38	4764.37																																										
19	696.82	3657.68																																										
19	619	3470.19																																										
20	1061.03	6451.16																																										
20	2237.65	10302																																										
20	1922.33	8636.51																																										
20	2077.92	8239.01																																										
21	346.67	5417.62																																										
21	31.26	169.92																																										
21	105.93	1545.26																																										
21	371.21	6274.66																																										
22	5.73	18.6																																										
22	402.79	3708.73																																										
22	271.61	3507.25																																										
22	415.53	3905.41																																										
23	328.55	3810.18																																										
23	345.58	2331.13																																										
23	478.88	4763.28																																										
23	145.27	590.08																																										
24	977.68	6755.5																																										
24	641.94	4186.8																																										
24	1018.18	7187.78																																										
24	818.58	5464.36																																										
25	2141.83	5463.69																																										
25	1350.43	6060.43																																										
25	1302.44	6014.14																																										
25	1752.37	6806.57																																										
26	441.5	8199.22																																										
26	301.64	3797.34																																										
26	651.15	9069.66																																										
26	386.17	6548.2																																										
27	582.52	5930.28																																										
27	6.56	26.29																																										
27	378.2	3587.65																																										
27	280.83	3452.72																																										
28	940.51	9339.88																																										
28	1091.52	13774.9																																										
28	885.96	10771.8																																										
28	311.91	4389.07																																										
29	896.93	6861.94																																										
29	871.76	6573.98																																										
29	1256.51	7505.9																																										
29	709.37	4880.8																																										
30	1384.7	6862.94																																										
30	1979.93	6739.95																																										
30	1401.98	7423.18																																										
30	1899.21	8028.84																																										
31	54.75	1946.02																																										
31	110.8	1756.1																																										
31	108.68	1937.08																																										
31	0.88	6.67																																										
32	220.65	5317.01																																										
32	7	25.96																																										
32	328.31	7033.68																																										
32	167.81	2698.09																																										
33	422.85	4785.62																																										
33	325.99	3860.35																																										
33	602.16	7729.63																																										
33	133.27	1687.17																																										
34	1111.69	8078.48																																										
34	547.72	3713.6																																										
34	1104.12	6776.23																																										
34	790.94	5329.12																																										
35	1434.46	7617.03																																										
35	1697.04	9683.77																																										
35	1646.9	9182.51																																										
35	1581.52	10521.9																																										
36	0.44	2.72																																										
36	0.38	2.25																																										
36	0.39	2.07																																										
36	0.28	1.63																																										
37	3.6	25.4																																										
37	3.53	19.9																																										
37	3.39	12.8																																										
37	3.34	19.5																																										
38	45.78	212																																										
38	40.33	162																																										
38	38.15	194																																										
38	30.52	123																																										
39	385.77	2347.4																																										
39	587.78	2718.28																																										
39	460.31	2337.73																																										
39	400.58	2247.93																																										
40	1079.91	6802.09																																										
40	1122.93	4906.48																																										
40	1359.83	3982.79																																										
40	1083.11	4731.05																																										
41	0.49	2.31																																										
41	0.5	3.24																																										
41	0.45	2.38																																										
41	0.75	4.18																																										
42	3.86	20.61																																										
42	3.79	17.82																																										
42	4.15	21.95																																										
42	3.39	14.67																																										
43	39.24	211.98																																										
43	46.87	327.67																																										
43	49.05	300.58																																										
43	31.61	214.26																																										
44	513.94	3568.55																																										
44	348.8	1986.03																																										
44	446.35	2546.43																																										
44	414.62	4029.28																																										
45	460.81	4101.28																																										
45	905.32	5942.17																																										
45	1056.13	7778.53																																										
45	841.79	4551.09																																										
46	0.35	2.61																																										
46	0.56	4.96																																										
46	0.42	2.79																																										
46	0.5	3.92																																										
47	4.63	32.48																																										
47	3.93	17																																										
47	2.99	21.7																																										
47	3.87	18.49																																										
48	35.97	200.45																																										
48	53.41	362.45																																										
48	51.23	385.42																																										
48	44.69	237.77																																										
49	465.28	3122.08																																										
49	504.11	3062.44																																										
49	521.69	3071.5																																										
49	540.27	4090.79																																										
50	1311.8	9278.08																																										
50	906.64	6180.77																																										
50	888.91	6808																																										
50	1315.45	8228.16																																										
51	0.31	2.12																																										
51	0.44	3.3																																										
51	0.52	3.61																																										
51	0.32	3																																										
52	4.79	28.97																																										
52	2.78	20.98																																										
52	3.07	17																																										
52	2.9	16.04																																										
53	34.88	210.98																																										
53	27.25	179.01																																										
53	27.25	147.52																																										
53	39.24	297.25																																										
54	353.74	2836.31																																										
54	388.6	2746.14																																										
54	459.48	3935.42																																										
54	385.02	2575.05																																										
55	894.94	6286.58																																										
55	472.41	4705.8																																										
55	896.73	9016.1																																										
55	1380.21	12435.6																																										
56	0.35	2.64																																										
56	0.4	3.01																																										
56	0.32	1.85																																										
56	0.33	1.85																																										
57	2.47	14.24																																										
57	4.65	31.38																																										
57	3.64	27.75																																										
57	3.29	25.02																																										
58	50.14	327.46																																										
58	39.24	262.12																																										
58	56.68	449.23																																										
58	106.88	1437.44																																										
59	471.53	3117.38																																										
59	431.45	3510.76																																										
59	454.46	3783.66																																										
59	405.05	4452.83																																										
60	805.44	7478.26																																										
60	1058.22	10814.7																																										
60	1017.42	10015.4																																										
60	1128.95	8565.32																																										
61	0.34	2.41																																										
61	0.46	3.72																																										
61	0.35	2.82																																										
61	0.38	2.46																																										
62	3.31	20.9																																										
62	5.11	36.47																																										
62	3.18	32.4																																										
62	5.39	35.53																																										
63	28.34	182.81																																										
63	18.53	156.68																																										
63	38.15	210.43																																										
63	27.25	192.83																																										
64	536.44	6782.75																																										
64	385.69	3610.23																																										
64	357.74	3464.79																																										
64	364.96	3224.03																																										
65	883.1	8987.2																																										
65	1048	10075.2																																										
65	990.27	8216.97																																										
65	864.39	10781.2																																										
66	0.32	3.51																																										
66	0.49	5.5																																										
66	0.39	4.35																																										
66	0.37	3.91																																										
67	3.18	26.39																																										
67	3.91	44.83																																										
67	4.39	51.46																																										
67	4.14	37.36																																										
68	44.69	519.48																																										
68	50.14	490.15																																										
68	56.68	551.96																																										
68	69.76	748.62																																										
69	369.35	3453.36																																										
69	313.37	3400.57																																										
69	228.9	1468.77																																										
69	287.02	3358.91																																										
70	627.8	7673.54																																										
70	893.29	9876.75																																										
70	802.48	8092.48																																										
70	726.52	7715.59																																										
71	0.4	1.73																																										
71	0.35	2.07																																										
71	0.24	1.08																																										
71	0.3	1.44																																										
72	4.21	20.6																																										
72	3.91	22.8																																										
72	3.2	16.9																																										
72	3.4	19.5																																										
73	37.77	230																																										
73	37.77	241																																										
73	50.03	322																																										
73	43.92	234																																										
74	371.28	2395.54																																										
74	184.14	810																																										
74	327.37	1690																																										
74	352.74	2122.82																																										
75	1302.22	8027.76																																										
75	929.56	3803.1																																										
75	1040.52	2911.31																																										
75	1026.73	3844.68																																										
76	0.39	2.13																																										
76	0.4	1.97																																										
76	0.26	1.31																																										
76	0.39	2.56																																										
77	2.4	9.92																																										
77	3.51	22.06																																										
77	4.42	28.13																																										
77	4.31	23.83																																										
78	26.53	140.79																																										
78	57.22	304.09																																										
78	38.82	243.47																																										
78	44.92	260.18																																										
79	255.77	1481.5																																										
79	265.99	1098.63																																										
79	367.35	2643.62																																										
79	306.92	1899.78																																										
80	1047.58	8883.79																																										
80	1164.16	5492.17																																										
80	715.91	5149.45																																										
80	177.01	2593.68																																										
81	0.46	2.54																																										
81	0.42	2.15																																										
81	0.46	2.74																																										
81	0.39	2.23																																										
82	3.71	22.82																																										
82	3.7	18.95																																										
82	4.63	30.26																																										
82	4.61	39.6																																										
83	34.69	222.29																																										
83	24.48	123.5																																										
83	42.87	284.63																																										
83	23.47	156.14																																										
84	470.61	2511.98																																										
84	387.57	3188.01																																										
84	347.87	2206.73																																										
84	482.84	4465.69																																										
85	966.39	8424.28																																										
85	1067.48	7879.01																																										
85	1262.5	8261.88																																										
85	1069.62	8791.28																																										
86	0.35	2.29																																										
86	0.32	2.68																																										
86	0.24	1.24																																										
86	0.54	3.62																																										
87	6.32	58.48																																										
87	3.3	29.89																																										
87	4.11	34.26																																										
87	3.7	31.57																																										
88	32.67	249.97																																										
88	56.17	448.08																																										
88	31.64	175.76																																										
88	42.87	337.57																																										
89	310.09	1685.26																																										
89	442.24	4909.97																																										
89	288.33	2385.79																																										
89	421.62	2976.93																																										
90	773.38	4666.86																																										
90	1270.25	10298.1																																										
90	1138.26	9871.69																																										
90	1239.36	8666.5																																										
91	0.46	3.53																																										
91	0.23	1.75																																										
91	0.45	3.57																																										
91	0.26	1.86																																										
92	5.54	40.53																																										
92	3.31	23.55																																										
92	3.91	33.43																																										
92	5.12	34.81																																										
93	50.04	277.73																																										
93	41.88	322.44																																										
93	41.87	330.33																																										
93	39.82	317																																										
94	382.08	3093.21																																										
94	360.25	2659.64																																										
94	327.37	1887.27																																										
94	286.46	1620.28																																										
95	1317.25	9970.59																																										
95	901.52	8755.95																																										
95	762.26	7508.96																																										
95	1109.48	5952.72																																										
96	0.51	3.61																																										
96	0.43	3.57																																										
96	0.46	4.07																																										
96	0.57	4.38																																										
97	4.61	35.32																																										
97	5.14	39.8																																										
97	3.2	26.22																																										
97	4.14	47.32																																										
98	34.71	291.48																																										
98	29.62	214.7																																										
98	25.52	201.12																																										
98	31.62	234.8																																										
99	296.48	2232.69																																										
99	308.19	2382.88																																										
99	269.53	2372.94																																										
99	358.07	2868.44																																										
100	795.57	5752.66																																										
100	785.09	4809.71																																										
100	677.45	6091.38																																										
100	860.53	6405.22																																										
101	0.3	3.18																																										
101	0.28	3.87																																										
101	0.41	4.73																																										
101	0.23	2.53																																										
102	4.52	53.6																																										
102	4.42	41.9																																										
102	2.9	29.59																																										
102	3.41	34.75																																										
103	30.62	375.39																																										
103	60.29	664.8																																										
103	32.67	451.32																																										
103	54.14	605.3																																										
104	209.68	2890.3																																										
104	325.13	4440.24																																										
104	301.11	3228.01																																										
104	445.82	4478.12																																										
105	1271.74	12192																																										
105	949.03	12258.8																																										
105	1202.09	10507.9																																										
105	1001.81	9687.21																																										
																																												
1480444057																																												
