1 20 0.01 1.0 1
2 20 0.01 1.0 10
3 20 0.01 1.0 100
4 20 0.01 1.0 1000
5 20 0.01 1.0 10000
6 20 0.01 1.2 1
7 20 0.01 1.2 10
8 20 0.01 1.2 100
9 20 0.01 1.2 1000
10 20 0.01 1.2 10000
11 20 0.01 1.4 1
12 20 0.01 1.4 10
13 20 0.01 1.4 100
14 20 0.01 1.4 1000
15 20 0.01 1.4 10000
16 20 0.01 1.6 1
17 20 0.01 1.6 10
18 20 0.01 1.6 100
19 20 0.01 1.6 1000
20 20 0.01 1.6 10000
21 20 0.01 1.8 1
22 20 0.01 1.8 10
23 20 0.01 1.8 100
24 20 0.01 1.8 1000
25 20 0.01 1.8 10000
26 20 0.01 2.0 1
27 20 0.01 2.0 10
28 20 0.01 2.0 100
29 20 0.01 2.0 1000
30 20 0.01 2.0 10000
31 20 0.01 3.0 1
32 20 0.01 3.0 10
33 20 0.01 3.0 100
34 20 0.01 3.0 1000
35 20 0.01 3.0 10000
36 20 0.1 1.0 1
37 20 0.1 1.0 10
38 20 0.1 1.0 100
39 20 0.1 1.0 1000
40 20 0.1 1.0 10000
41 20 0.1 1.2 1
42 20 0.1 1.2 10
43 20 0.1 1.2 100
44 20 0.1 1.2 1000
45 20 0.1 1.2 10000
46 20 0.1 1.4 1
47 20 0.1 1.4 10
48 20 0.1 1.4 100
49 20 0.1 1.4 1000
50 20 0.1 1.4 10000
51 20 0.1 1.6 1
52 20 0.1 1.6 10
53 20 0.1 1.6 100
54 20 0.1 1.6 1000
55 20 0.1 1.6 10000
56 20 0.1 1.8 1
57 20 0.1 1.8 10
58 20 0.1 1.8 100
59 20 0.1 1.8 1000
60 20 0.1 1.8 10000
61 20 0.1 2.0 1
62 20 0.1 2.0 10
63 20 0.1 2.0 100
64 20 0.1 2.0 1000
65 20 0.1 2.0 10000
66 20 0.1 3.0 1
67 20 0.1 3.0 10
68 20 0.1 3.0 100
69 20 0.1 3.0 1000
70 20 0.1 3.0 10000
71 20 0.3 1.0 1
72 20 0.3 1.0 10
73 20 0.3 1.0 100
74 20 0.3 1.0 1000
75 20 0.3 1.0 10000
76 20 0.3 1.2 1
77 20 0.3 1.2 10
78 20 0.3 1.2 100
79 20 0.3 1.2 1000
80 20 0.3 1.2 10000
81 20 0.3 1.4 1
82 20 0.3 1.4 10
83 20 0.3 1.4 100
84 20 0.3 1.4 1000
85 20 0.3 1.4 10000
86 20 0.3 1.6 1
87 20 0.3 1.6 10
88 20 0.3 1.6 100
89 20 0.3 1.6 1000
90 20 0.3 1.6 10000
91 20 0.3 1.8 1
92 20 0.3 1.8 10
93 20 0.3 1.8 100
94 20 0.3 1.8 1000
95 20 0.3 1.8 10000
96 20 0.3 2.0 1
97 20 0.3 2.0 10
98 20 0.3 2.0 100
99 20 0.3 2.0 1000
100 20 0.3 2.0 10000
101 20 0.3 3.0 1
102 20 0.3 3.0 10
103 20 0.3 3.0 100
104 20 0.3 3.0 1000
105 20 0.3 3.0 10000
1 10 0.01 1.0 1
2 10 0.01 1.0 10
3 10 0.01 1.0 100
4 10 0.01 1.0 1000
5 10 0.01 1.0 10000
6 10 0.01 1.2 1
7 10 0.01 1.2 10
8 10 0.01 1.2 100
9 10 0.01 1.2 1000
10 10 0.01 1.2 10000
11 10 0.01 1.4 1
12 10 0.01 1.4 10
13 10 0.01 1.4 100
14 10 0.01 1.4 1000
15 10 0.01 1.4 10000
16 10 0.01 1.6 1
17 10 0.01 1.6 10
18 10 0.01 1.6 100
19 10 0.01 1.6 1000
20 10 0.01 1.6 10000
21 10 0.01 1.8 1
22 10 0.01 1.8 10
23 10 0.01 1.8 100
24 10 0.01 1.8 1000
25 10 0.01 1.8 10000
26 10 0.01 2.0 1
27 10 0.01 2.0 10
28 10 0.01 2.0 100
29 10 0.01 2.0 1000
30 10 0.01 2.0 10000
31 10 0.01 3.0 1
32 10 0.01 3.0 10
33 10 0.01 3.0 100
34 10 0.01 3.0 1000
35 10 0.01 3.0 10000
36 10 0.1 1.0 1
37 10 0.1 1.0 10
38 10 0.1 1.0 100
39 10 0.1 1.0 1000
40 10 0.1 1.0 10000
41 10 0.1 1.2 1
42 10 0.1 1.2 10
43 10 0.1 1.2 100
44 10 0.1 1.2 1000
45 10 0.1 1.2 10000
46 10 0.1 1.4 1
47 10 0.1 1.4 10
48 10 0.1 1.4 100
49 10 0.1 1.4 1000
50 10 0.1 1.4 10000
51 10 0.1 1.6 1
52 10 0.1 1.6 10
53 10 0.1 1.6 100
54 10 0.1 1.6 1000
55 10 0.1 1.6 10000
56 10 0.1 1.8 1
57 10 0.1 1.8 10
58 10 0.1 1.8 100
59 10 0.1 1.8 1000
60 10 0.1 1.8 10000
61 10 0.1 2.0 1
62 10 0.1 2.0 10
63 10 0.1 2.0 100
64 10 0.1 2.0 1000
65 10 0.1 2.0 10000
66 10 0.1 3.0 1
67 10 0.1 3.0 10
68 10 0.1 3.0 100
69 10 0.1 3.0 1000
70 10 0.1 3.0 10000
71 10 0.3 1.0 1
72 10 0.3 1.0 10
73 10 0.3 1.0 100
74 10 0.3 1.0 1000
75 10 0.3 1.0 10000
76 10 0.3 1.2 1
77 10 0.3 1.2 10
78 10 0.3 1.2 100
79 10 0.3 1.2 1000
80 10 0.3 1.2 10000
81 10 0.3 1.4 1
82 10 0.3 1.4 10
83 10 0.3 1.4 100
84 10 0.3 1.4 1000
85 10 0.3 1.4 10000
86 10 0.3 1.6 1
87 10 0.3 1.6 10
88 10 0.3 1.6 100
89 10 0.3 1.6 1000
90 10 0.3 1.6 10000
91 10 0.3 1.8 1
92 10 0.3 1.8 10
93 10 0.3 1.8 100
94 10 0.3 1.8 1000
95 10 0.3 1.8 10000
96 10 0.3 2.0 1
97 10 0.3 2.0 10
98 10 0.3 2.0 100
99 10 0.3 2.0 1000
100 10 0.3 2.0 10000
101 10 0.3 3.0 1
102 10 0.3 3.0 10
103 10 0.3 3.0 100
104 10 0.3 3.0 1000
105 10 0.3 3.0 10000


